0.09765625	0.00916666666666667
0.1953125	0.00916666666666667
0.29296875	0.0095
0.390625	0.00983333333333333
0.48828125	0.00983333333333333
0.5859375	0.00983333333333333
0.68359375	0.00966666666666667
0.78125	0.00983333333333333
0.87890625	0.0095
0.9765625	0.00966666666666667
1.07421875	0.00933333333333333
1.171875	0.00983333333333333
1.26953125	0.00883333333333333
1.3671875	0.00933333333333333
1.46484375	0.00933333333333333
1.5625	0.00933333333333333
1.66015625	0.00883333333333333
1.7578125	0.0095
1.85546875	0.0095
1.953125	0.01
2.05078125	0.009
2.1484375	0.00916666666666667
2.24609375	0.00933333333333333
2.34375	0.00866666666666667
2.44140625	0.00983333333333333
2.5390625	0.00983333333333333
2.63671875	0.00866666666666667
2.83203125	0.00783333333333333
2.9296875	0.00916666666666667
3.02734375	0.0101666666666667
3.125	0.00933333333333333
3.22265625	0.00933333333333333
3.3203125	0.00983333333333333
3.41796875	0.01
3.515625	0.009
3.61328125	0.0103333333333333
3.7109375	0.00883333333333333
3.80859375	0.00866666666666667
3.90625	0.00916666666666667
4.00390625	0.00983333333333333
4.1015625	0.00933333333333333
4.19921875	0.00983333333333333
4.296875	0.00983333333333333
4.39453125	0.00916666666666667
4.4921875	0.00916666666666667
4.58984375	0.00883333333333333
4.6875	0.009
4.78515625	0.00866666666666667
4.8828125	0.00916666666666667
4.98046875	0.00933333333333333
5.078125	0.00933333333333333
5.17578125	0.0095
5.2734375	0.00966666666666667
5.37109375	0.00966666666666667
5.46875	0.01
5.56640625	0.00816666666666667
5.6640625	0.00983333333333333
5.76171875	0.0095
5.859375	0.009
5.95703125	0.00866666666666667
6.0546875	0.00916666666666667
6.15234375	0.009
6.25	0.0103333333333333
6.34765625	0.009
6.4453125	0.00983333333333333
6.54296875	0.00916666666666667
6.640625	0.00983333333333333
6.73828125	0.009
6.8359375	0.00966666666666667
6.93359375	0.00966666666666667
7.03125	0.00983333333333333
7.12890625	0.00916666666666667
7.2265625	0.00866666666666667
7.32421875	0.0095
7.421875	0.00816666666666667
7.51953125	0.0095
7.6171875	0.00966666666666667
7.71484375	0.009
7.8125	0.009
7.91015625	0.00883333333333333
8.0078125	0.00916666666666667
8.10546875	0.0103333333333333
8.203125	0.0095
8.30078125	0.00966666666666667
8.3984375	0.0095
8.49609375	0.00916666666666667
8.59375	0.00933333333333333
8.69140625	0.00983333333333333
8.7890625	0.00916666666666667
8.88671875	0.00983333333333333
8.984375	0.00883333333333333
9.08203125	0.00983333333333333
9.1796875	0.0095
9.27734375	0.0095
9.375	0.009
9.47265625	0.0095
9.5703125	0.00933333333333333
9.66796875	0.0101666666666667
9.765625	0.00983333333333333
9.86328125	0.00983333333333333
9.9609375	0.00866666666666667
10.05859375	0.00983333333333333
10.15625	0.00916666666666667
10.25390625	0.00883333333333333
10.3515625	0.00983333333333333
10.44921875	0.00883333333333333
10.546875	0.0095
10.64453125	0.00866666666666667
10.7421875	0.0095
10.83984375	0.0095
10.9375	0.00983333333333333
11.03515625	0.009
11.1328125	0.00966666666666667
11.23046875	0.0095
11.328125	0.0095
11.42578125	0.009
11.5234375	0.0103333333333333
11.62109375	0.00883333333333333
11.71875	0.00883333333333333
11.81640625	0.00866666666666667
11.9140625	0.00966666666666667
12.01171875	0.00916666666666667
12.109375	0.00983333333333333
12.20703125	0.009
12.3046875	0.01
12.40234375	0.009
12.5	0.01
12.59765625	0.009
12.6953125	0.00883333333333333
12.79296875	0.00933333333333333
12.890625	0.00883333333333333
12.98828125	0.00966666666666667
13.0859375	0.00883333333333333
13.18359375	0.00933333333333333
13.28125	0.0095
13.37890625	0.00966666666666667
13.4765625	0.0095
13.57421875	0.0095
13.671875	0.00783333333333333
13.76953125	0.00883333333333333
13.8671875	0.00866666666666667
13.96484375	0.00966666666666667
14.0625	0.0095
14.16015625	0.01
14.2578125	0.00866666666666667
14.35546875	0.01
14.453125	0.0095
14.55078125	0.0095
14.6484375	0.01
14.74609375	0.01
14.84375	0.009
14.94140625	0.00966666666666667
15.0390625	0.009
15.13671875	0.0095
15.234375	0.00983333333333333
15.33203125	0.00983333333333333
15.4296875	0.00983333333333333
15.52734375	0.0095
15.625	0.0085
15.72265625	0.00933333333333333
15.8203125	0.01
15.91796875	0.00816666666666667
16.015625	0.00983333333333333
16.11328125	0.0095
16.2109375	0.00866666666666667
16.30859375	0.00966666666666667
16.40625	0.00933333333333333
16.50390625	0.00983333333333333
16.6015625	0.00966666666666667
16.69921875	0.00916666666666667
16.796875	0.00966666666666667
16.89453125	0.00866666666666667
16.9921875	0.00916666666666667
17.08984375	0.0095
17.1875	0.0095
17.28515625	0.009
17.3828125	0.0095
17.48046875	0.00966666666666667
17.578125	0.01
17.67578125	0.00983333333333333
17.7734375	0.00966666666666667
17.87109375	0.009
17.96875	0.0095
18.06640625	0.009
18.1640625	0.0095
18.26171875	0.01
18.359375	0.00783333333333333
18.45703125	0.0095
18.5546875	0.009
18.65234375	0.009
18.75	0.00966666666666667
18.84765625	0.00966666666666667
18.9453125	0.009
19.04296875	0.00933333333333333
19.140625	0.00816666666666667
19.23828125	0.00916666666666667
19.3359375	0.00866666666666667
19.43359375	0.01
19.53125	0.00833333333333333
19.62890625	0.0095
19.7265625	0.0095
19.82421875	0.00933333333333333
19.921875	0.00966666666666667
20.01953125	0.0095
20.1171875	0.00983333333333333
20.21484375	0.01
20.3125	0.00883333333333333
20.41015625	0.0095
20.5078125	0.00916666666666667
20.60546875	0.00916666666666667
20.703125	0.01
20.80078125	0.00866666666666667
20.8984375	0.00933333333333333
20.99609375	0.00933333333333333
21.09375	0.00966666666666667
21.19140625	0.00983333333333333
21.2890625	0.0101666666666667
21.38671875	0.00966666666666667
21.484375	0.0095
21.58203125	0.01
21.6796875	0.009
21.77734375	0.0095
21.875	0.0103333333333333
21.97265625	0.00966666666666667
22.0703125	0.00983333333333333
22.16796875	0.00916666666666667
22.265625	0.00966666666666667
22.36328125	0.0095
22.4609375	0.0095
22.55859375	0.00916666666666667
22.65625	0.01
22.75390625	0.0095
22.8515625	0.01
22.94921875	0.01
23.046875	0.009
23.14453125	0.00866666666666667
23.2421875	0.0095
23.33984375	0.00966666666666667
23.4375	0.0095
23.53515625	0.00883333333333333
23.6328125	0.00966666666666667
23.73046875	0.00966666666666667
23.828125	0.00933333333333333
23.92578125	0.00966666666666667
24.0234375	0.00983333333333333
24.12109375	0.009
24.21875	0.01
24.31640625	0.00883333333333333
24.4140625	0.00933333333333333
24.51171875	0.00916666666666667
24.609375	0.009
24.70703125	0.00966666666666667
24.8046875	0.009
24.90234375	0.00933333333333333
25	0.00866666666666667
25	0.01
